2.047595402181395449e-02 -2.123340240523734213e-03 -7.272426533672323584e-03 5.264408565103168187e-03 2.582195546000778247e-03 -2.839759884802800548e-04 -5.467091968736452479e-04 5.010207542642708574e-04 -6.218991911633005515e-04 6.320843913866253539e-05 1.049415855695810373e-03 -4.984075644364191265e-04 -1.132169817559979712e-03 4.538143881951399623e-04 1.284568073528468725e-03 -2.194904622373493092e-04 -1.664019856992413754e-03 -3.466903793051379469e-05 -6.490123930293216796e-04 -1.381938707601488344e-03 -6.965452941834209162e-04 -1.531371280144512743e-04 2.413161989235019025e-04 1.064158101277721180e-03 -3.936217289890556214e-04 7.205478154531105113e-04 -1.096845760061130291e-03 -1.836297547702188046e-03 1.024103075364529182e-04 1.580676275970702496e-03 -4.362805161966167456e-04 -1.519187939540004900e-04 -1.516830540390240196e-04 -1.910899890871567950e-04 -8.529118827691853670e-04 -5.796923068667918840e-04 3.577546706836706053e-04 2.011470411625337559e-03 3.336583999861640915e-06 1.611167888086607013e-03
-2.123340240523734213e-03 2.235219774566820847e-02 1.450122213749939709e-03 -2.194747944999277545e-03 -1.092059242485618866e-03 -1.622703501706028364e-03 -4.219887524885198991e-05 4.949937785050182587e-04 -1.680190986654075415e-04 5.394008537456158620e-04 4.969805831010334430e-04 3.356535956084982244e-04 8.625675367808583252e-04 -3.225626606776386073e-04 5.265550823348537270e-04 1.663649460304912779e-05 5.103129333868149575e-04 -9.399347350939635812e-04 3.365696746746875867e-04 5.302921874147202693e-04 8.962178635029637280e-04 -5.034265800548358297e-04 -1.901340231302051575e-03 -1.273966141760942469e-03 3.160566028414254716e-05 1.227904149363729866e-03 1.124276944925790833e-03 9.932681963424289193e-04 -9.693482022301587019e-04 5.009000513032446167e-04 6.697133214574866635e-04 5.755084223739177079e-04 -2.393315345388460913e-04 -1.476107242303319493e-03 3.701660042865702370e-04 9.587215907822727642e-04 1.073379690686586223e-03 -1.282741968352462021e-03 -1.424971046410242106e-03 -5.455883482965591044e-03
-7.272426533672323584e-03 1.450122213749939709e-03 2.103972702349417648e-02 -2.185250760018821875e-03 -3.646682617655726960e-03 3.070323651713258249e-03 2.422902936832727820e-04 -9.754514233849854998e-04 -1.581293097943012749e-03 -2.028674931428861832e-03 -1.958575518998512783e-04 5.381303800618842531e-04 8.026214281466200438e-04 6.376221445874807295e-05 -1.403683291723792229e-03 -8.006635721881354834e-04 1.482811525313983214e-05 4.389710815711805512e-04 1.530051872869973503e-03 1.063292371450091358e-03 1.281833900131526625e-03 6.686598477200736586e-04 -1.674455369111819275e-03 -1.489005462952011638e-03 7.855897160369568893e-04 3.615564188344929319e-04 2.069357956059042340e-04 -6.182784355575658090e-04 -2.043265638993627055e-04 -1.166654548880916671e-03 -4.612824027556113927e-04 -9.563083865852414723e-04 6.815531362685534869e-05 9.630440103670803807e-04 -3.997273664276029446e-04 3.609075632918119498e-04 -1.675370586207002455e-03 -1.438816451153311854e-03 -2.263322913335900303e-03 5.910285522140675029e-04
5.264408565103168187e-03 -2.194747944999277545e-03 -2.185250760018821875e-03 1.970278538936597393e-02 3.952441579968797927e-03 -5.033348627975971559e-03 5.687381410322040918e-04 8.625069987231454970e-04 4.904511719066521457e-04 -1.085442543088387677e-03 -1.983790079370364372e-04 -9.550057287634308766e-04 -1.455462271645958580e-03 3.040686974754394948e-04 3.455895797107087319e-04 1.705071082301996659e-03 -7.361411010705519366e-04 -5.642030493262946683e-04 -3.640677386322127215e-04 -9.527292325489291475e-04 -8.144011493655707720e-04 1.726339643050841058e-04 4.299259608640298904e-04 7.964946260282895589e-04 -2.270291089985458503e-04 -3.933382927925469560e-04 -1.026474497942752662e-03 -5.512359869573143405e-04 9.998799762278873324e-04 2.051454291710897489e-03 -2.729215260628358852e-03 7.202709706981749033e-04 2.357868595220022952e-03 1.521583941049106957e-05 -6.380774382612119586e-04 -4.366372175200249555e-05 -4.147569867424572856e-04 7.723012235769521764e-04 1.946672020759139836e-03 1.314297999664071652e-03
2.582195546000778247e-03 -1.092059242485618866e-03 -3.646682617655726960e-03 3.952441579968797927e-03 2.164133427916149072e-02 -2.522471899883641649e-03 -4.534620930621130128e-03 1.036093633106160245e-03 -2.031173681167621706e-03 -3.373875082401829584e-05 -7.628251091286514978e-04 -3.326865120413170676e-04 -5.592965472406612399e-04 -7.192991408228314358e-04 1.251393530671552658e-03 -8.229427450323888735e-04 -9.953209987511872810e-04 2.178289521116730416e-03 -5.569036114065184897e-04 -2.530803634073314993e-03 1.391994687075704838e-04 -3.389782633019244591e-04 8.306434336415923836e-05 3.575311338190692318e-04 -1.948985342266053257e-03 -3.452215605083544726e-05 -1.166710423524516078e-03 -1.259219553238314542e-03 1.217644440651621460e-03 1.388146106301495859e-03 -2.209140614030750949e-04 -1.300411878775434814e-03 1.153634153109911204e-03 -1.018628930369160773e-03 -2.814882100323125996e-04 -5.091984756611458735e-05 1.335819798299298870e-04 1.037902607008495874e-04 -7.209822978853447578e-04 6.385983603820043902e-04
-2.839759884802800548e-04 -1.622703501706028364e-03 3.070323651713258249e-03 -5.033348627975971559e-03 -2.522471899883641649e-03 2.002928913541372757e-02 1.227730112621647262e-03 -4.980803459858222475e-03 8.811124210032037374e-04 -1.582489707819522903e-03 -1.008499562503668097e-04 1.293192143678983507e-04 -1.952366565376238532e-04 -2.418879498987861853e-04 -6.321675513430730781e-04 -1.248925668099095645e-04 8.124459121280390786e-04 1.242837604348761051e-05 -5.967319484750999766e-04 1.215160933694343481e-03 -9.401025137348137557e-04 -1.463265774730527558e-04 1.497052523868755034e-03 5.338976510822456543e-05 -1.911135486365870867e-04 4.435641811576830087e-04 5.826290205744816611e-04 -4.350512962756902260e-04 -5.711635512022698825e-04 -1.686746954988514952e-03 3.210284647863509032e-04 -2.070461301800209826e-03 -1.654362909564578103e-03 7.155471327970423226e-04 4.437236872384580700e-04 -6.469526398208364035e-04 8.915893219971179114e-04 -3.511849503365593286e-04 5.744596853421317156e-04 8.564675425902627294e-04
-5.467091968736452479e-04 -4.219887524885198991e-05 2.422902936832727820e-04 5.687381410322040918e-04 -4.534620930621130128e-03 1.227730112621647262e-03 1.897843278785764018e-02 1.816824031338851305e-03 -2.346078462510044725e-03 -2.724297169245114107e-03 -2.694436310123444968e-04 2.773771532583506013e-04 7.885012753457480922e-04 1.010499563261931444e-03 -1.531532483661127261e-04 -8.646898881526087237e-05 -6.415161949885747270e-04 2.065205192212442480e-05 1.714480190461975507e-04 -1.106787691445223912e-03 -6.656805594302149173e-04 5.416729820530888741e-05 -4.882146444642130050e-04 -1.352722369439128807e-03 1.458472473055976706e-03 1.391879755636552299e-04 1.238403667553349954e-03 7.553530576385148951e-04 -2.256632022976371897e-04 -1.319141691315479708e-03 -8.801731656785249805e-04 -8.777652730494665779e-04 1.379671363048474975e-04 -7.662292328922332748e-04 -1.851106288385991235e-03 5.852622041630064012e-04 -5.774002223530311098e-04 -1.861195058163655971e-04 6.361390712198689533e-04 8.584163801619501804e-04
5.010207542642708574e-04 4.949937785050182587e-04 -9.754514233849854998e-04 8.625069987231454970e-04 1.036093633106160245e-03 -4.980803459858222475e-03 1.816824031338851305e-03 2.194019288669553022e-02 1.181862613282913055e-03 -2.717465009016136000e-03 9.119772746505305219e-04 -1.380335778627119923e-03 6.140486822345593869e-04 -4.211510081069177861e-04 3.520598508930218931e-04 -7.451542364023991090e-04 -3.039891530735061879e-04 1.043872045898645504e-03 9.691641468746618803e-05 -7.341957657009476204e-04 -1.843196290172437093e-04 -3.377457549074970003e-04 -4.885757427790723972e-04 -2.598703875515208134e-04 -9.335188751493131952e-04 3.252153978209002005e-04 -2.257413112162594477e-04 -6.640221560444702119e-04 1.137937715331557631e-04 -2.622854356399344049e-04 -1.860694303295883393e-04 4.576401246882729336e-04 -2.653216293577921755e-04 -1.309750736809275418e-03 -5.795829964122111311e-04 6.563609912978805166e-04 -6.599420866440179742e-04 1.002708751696086313e-04 -1.031899401516693992e-03 -5.927128441683725876e-04
-6.218991911633005515e-04 -1.680190986654075415e-04 -1.581293097943012749e-03 4.904511719066521457e-04 -2.031173681167621706e-03 8.811124210032037374e-04 -2.346078462510044725e-03 1.181862613282913055e-03 2.152681111050128854e-02 2.023995998094660527e-03 -2.570462179972431409e-03 -2.021608327237378946e-04 -2.378914233209278480e-04 -6.521479412526415319e-05 1.129922694978847692e-03 1.643512760768448856e-03 6.085239625749182387e-04 5.702042048435907026e-04 -7.452072343592004581e-04 -1.866020939573172547e-04 5.265771162590329962e-05 -1.920652099455372446e-03 -9.084543772593116264e-04 6.060148656997725982e-04 1.597758673411539705e-04 1.715614041075136527e-04 1.019885795752974254e-03 -1.455701231031188213e-04 2.661874695706170678e-04 -8.128914376451790418e-04 -5.091232813527009137e-05 1.680292248499709639e-03 -1.886028196654675063e-03 3.129294729494439160e-04 1.261201054279738462e-03 -6.291598076833575985e-04 4.312902152590295944e-04 8.177170935283475332e-04 2.523067060951687097e-04 -9.439252406664415005e-04
6.320843913866253539e-05 5.394008537456158620e-04 -2.028674931428861832e-03 -1.085442543088387677e-03 -3.373875082401829584e-05 -1.582489707819522903e-03 -2.724297169245114107e-03 -2.717465009016136000e-03 2.023995998094660527e-03 2.309190718406150394e-02 7.700700554349177015e-04 -4.595051100754597544e-03 2.358387449470412262e-03 1.474242850567150957e-03 2.467673815287567255e-04 -5.177813777833869657e-04 -2.358248240364677669e-03 -7.107673243728360526e-04 2.630181954747152096e-03 -2.661364655713043155e-04 -5.676405018883862175e-04 -7.620905124490353439e-04 1.299296152010199698e-03 1.359912011616510067e-03 -1.645220131160388729e-03 3.623315044406537149e-04 1.366180012174212418e-03 -1.347558411975764703e-03 6.591006521063321778e-04 -3.788619602920472460e-04 -3.554803191646868990e-04 1.348063443837100358e-03 2.225319603228502648e-03 -1.604844592335100475e-03 3.291842884692672971e-04 1.390193187927861495e-03 3.599712534463583012e-04 2.749719610694182151e-04 -1.758192222875402271e-04 -1.499193615444004146e-03
1.049415855695810373e-03 4.969805831010334430e-04 -1.958575518998512783e-04 -1.983790079370364372e-04 -7.628251091286514978e-04 -1.008499562503668097e-04 -2.694436310123444968e-04 9.119772746505305219e-04 -2.570462179972431409e-03 7.700700554349177015e-04 1.826798372435093493e-02 2.710718810869917200e-03 -4.272763908796587198e-03 9.789520637673487704e-04 9.947682546969367594e-04 1.389624669792589612e-04 3.024021225409959145e-04 5.878401618932001900e-04 1.443174636455856310e-03 -2.708171155299743870e-04 -1.027966507634644339e-03 -1.275945417685925461e-03 -6.803708938712384408e-04 -1.816883101178895813e-03 -3.363326272983447295e-04 6.180062216325495983e-04 -1.658736652711224110e-03 -1.165942898940797775e-03 4.843274059636276636e-05 9.705423276426604177e-04 5.403352110061563100e-04 -1.799238540881194313e-03 -7.543120191778419697e-04 -4.576477781381890742e-04 -1.792890129206633565e-03 4.371167283847659482e-04 1.076631777959000807e-03 -2.869160938536080674e-05 -8.894130854897046475e-04 -2.233599389161371610e-05
-4.984075644364191265e-04 3.356535956084982244e-04 5.381303800618842531e-04 -9.550057287634308766e-04 -3.326865120413170676e-04 1.293192143678983507e-04 2.773771532583506013e-04 -1.380335778627119923e-03 -2.021608327237378946e-04 -4.595051100754597544e-03 2.710718810869917200e-03 2.276986416003498603e-02 -1.997570262282456332e-03 -5.107694014384760173e-03 8.467016273590645967e-04 -8.220026120502464846e-04 -5.511588798121582920e-04 7.207357417620689939e-04 8.002276695247138080e-04 1.506031703334733459e-03 -4.274325446797695455e-04 -2.299855300343048455e-04 -2.797785998388707435e-04 -5.116975366930415475e-04 2.001931544119422567e-04 -1.673416551075011739e-04 -1.662506527844821464e-03 -8.131815718659020234e-04 -6.300826780509677112e-04 6.376540333014153945e-05 1.246940323377192846e-03 -2.955601987766302971e-04 -2.617443782803991988e-04 1.530227642192976854e-03 9.365221881302835576e-05 8.849832994139142015e-05 3.474154233026181707e-04 2.024177900698191483e-04 1.735995163932306474e-03 1.468602878879639155e-04
-1.132169817559979712e-03 8.625675367808583252e-04 8.026214281466200438e-04 -1.455462271645958580e-03 -5.592965472406612399e-04 -1.952366565376238532e-04 7.885012753457480922e-04 6.140486822345593869e-04 -2.378914233209278480e-04 2.358387449470412262e-03 -4.272763908796587198e-03 -1.997570262282456332e-03 1.820682788276485262e-02 9.081292285152454957e-04 -2.508588035194516102e-03 -1.328937066215848213e-03 -1.556224536616403155e-03 1.433238704588624948e-03 -4.384111677282587867e-04 7.429639984570786480e-04 5.942688951650538544e-04 6.770573017120383886e-04 -1.413043551537358430e-03 2.621200176064347200e-04 -2.746200661169672578e-04 2.676001134749166302e-05 2.709400938741022896e-04 -1.688302140304298214e-04 -1.260510891536184780e-04 -1.049047723372839927e-03 1.357708843948435880e-03 1.923065223191320304e-03 1.684746318727257030e-03 -1.279455371449354437e-03 3.650280875491665271e-04 3.001120157027397837e-04 1.037816164036287021e-04 -3.224159911501955634e-05 -1.005309747832223684e-03 -1.170263039116939885e-03
4.538143881951399623e-04 -3.225626606776386073e-04 6.376221445874807295e-05 3.040686974754394948e-04 -7.192991408228314358e-04 -2.418879498987861853e-04 1.010499563261931444e-03 -4.211510081069177861e-04 -6.521479412526415319e-05 1.474242850567150957e-03 9.789520637673487704e-04 -5.107694014384760173e-03 9.081292285152454957e-04 2.204291111073452408e-02 2.593384481889993848e-03 -3.558739519103419971e-03 2.080493025652638966e-03 2.567950285034172313e-03 -2.865497886514868729e-03 -1.848531156276853049e-03 1.432430667791911990e-03 5.822247989245167132e-04 -1.885687101601629494e-03 3.859046724983197915e-04 7.994343600742170961e-04 -6.802146721114573941e-05 8.551289913940344958e-04 2.165213055362558755e-03 -9.052969285672846826e-04 -2.101238792250585566e-04 1.198122453207542924e-03 -6.226102838422695705e-04 -3.380345954209789294e-04 -1.127758669308146693e-04 -4.667954187236400630e-04 1.683217105379389278e-04 -8.312103539209436372e-04 -1.291524769505403851e-05 -1.539379137717024207e-03 -1.455455504674909315e-03
1.284568073528468725e-03 5.265550823348537270e-04 -1.403683291723792229e-03 3.455895797107087319e-04 1.251393530671552658e-03 -6.321675513430730781e-04 -1.531532483661127261e-04 3.520598508930218931e-04 1.129922694978847692e-03 2.467673815287567255e-04 9.947682546969367594e-04 8.467016273590645967e-04 -2.508588035194516102e-03 2.593384481889993848e-03 2.038465234732034573e-02 1.875112610284988520e-03 -4.527955976940567680e-03 7.100310814961529986e-04 4.674213053051925543e-05 2.295021707775294327e-04 -8.322945080553909676e-04 -3.661017852936285970e-04 -8.674298216666386646e-04 5.161239283313533632e-04 5.293125851903772655e-04 1.373741509560162449e-03 -7.571817539572834330e-04 8.531341005316640761e-06 2.606254272372947561e-04 1.409009818885088232e-04 6.584652223798425187e-04 -2.138667518987588873e-04 -4.212041971289518893e-04 3.147091685657918436e-04 -1.007549162302482786e-04 -4.187278590129669232e-05 4.178038346957030293e-04 1.060935135364056599e-03 -4.946575040118520198e-04 -2.069184568391764165e-03
-2.194904622373493092e-04 1.663649460304912779e-05 -8.006635721881354834e-04 1.705071082301996659e-03 -8.229427450323888735e-04 -1.248925668099095645e-04 -8.646898881526087237e-05 -7.451542364023991090e-04 1.643512760768448856e-03 -5.177813777833869657e-04 1.389624669792589612e-04 -8.220026120502464846e-04 -1.328937066215848213e-03 -3.558739519103419971e-03 1.875112610284988520e-03 2.148336948607187241e-02 -1.939656809421565903e-03 -5.461067023420747985e-03 1.793858903839307605e-03 2.756700831852864752e-03 -1.347101334170008142e-03 7.495565677818107888e-04 6.757294666946568997e-04 -1.033301059361821372e-03 6.237206697660020163e-04 -1.086048033815467835e-03 -1.159215264551117239e-03 1.760951960679953631e-04 1.349794430921888314e-03 2.510919324420326899e-05 -3.227543004274430346e-04 -5.165836476112055852e-04 1.577721356548186294e-04 -3.688552269191476074e-04 -6.103959497603435183e-05 -1.514190096085112633e-03 -1.177014768055757656e-04 6.023173152341030354e-04 -6.414938212726301221e-04 -9.156019483243153876e-04
-1.664019856992413754e-03 5.103129333868149575e-04 1.482811525313983214e-05 -7.361411010705519366e-04 -9.953209987511872810e-04 8.124459121280390786e-04 -6.415161949885747270e-04 -3.039891530735061879e-04 6.085239625749182387e-04 -2.358248240364677669e-03 3.024021225409959145e-04 -5.511588798121582920e-04 -1.556224536616403155e-03 2.080493025652638966e-03 -4.527955976940567680e-03 -1.939656809421565903e-03 2.619996302255656398e-02 4.168465305291507023e-03 -6.720307463907780263e-03 -3.102850018756759479e-03 4.311679779773107206e-04 -6.110313280580479019e-04 -1.951253730312963223e-04 4.122675213145849944e-04 1.118840641039359467e-03 -2.107253671200818787e-03 -7.580192276227274914e-04 3.941117841569322534e-04 -5.267018680900748375e-04 1.833999264650229685e-03 9.954742732230798929e-04 1.457235331964243938e-03 -1.892841066514725510e-03 1.405093228664524652e-03 9.839240054079930169e-04 -7.258463973129152501e-04 -7.785192596869647264e-04 -1.008752266092390656e-03 -3.814058879570166564e-05 2.360116165596844932e-04
-3.466903793051379469e-05 -9.399347350939635812e-04 4.389710815711805512e-04 -5.642030493262946683e-04 2.178289521116730416e-03 1.242837604348761051e-05 2.065205192212442480e-05 1.043872045898645504e-03 5.702042048435907026e-04 -7.107673243728360526e-04 5.878401618932001900e-04 7.207357417620689939e-04 1.433238704588624948e-03 2.567950285034172313e-03 7.100310814961529986e-04 -5.461067023420747985e-03 4.168465305291507023e-03 2.652972969928960728e-02 -1.962679904851155534e-03 -1.044809710505752685e-02 1.106299854171491608e-03 -3.961854960887064257e-04 -1.716861585367149366e-03 -7.781678395273960254e-04 -5.055192103141297822e-04 2.904395209698855331e-04 1.634947358594149259e-03 -4.898057485948235576e-04 7.884415955907872692e-04 2.016250975877296320e-03 9.639250474773636453e-04 -5.300045487188566372e-04 5.972280576268795002e-04 -8.277171516128825710e-04 -1.161629337589573660e-03 1.049927511616120324e-03 7.612502288424997368e-04 -7.554113438676832376e-04 -8.944998817176972152e-04 1.271406580806450992e-03
-6.490123930293216796e-04 3.365696746746875867e-04 1.530051872869973503e-03 -3.640677386322127215e-04 -5.569036114065184897e-04 -5.967319484750999766e-04 1.714480190461975507e-04 9.691641468746618803e-05 -7.452072343592004581e-04 2.630181954747152096e-03 1.443174636455856310e-03 8.002276695247138080e-04 -4.384111677282587867e-04 -2.865497886514868729e-03 4.674213053051925543e-05 1.793858903839307605e-03 -6.720307463907780263e-03 -1.962679904851155534e-03 2.967234403182038294e-02 1.273172704580607332e-03 -5.817185026522004969e-03 3.404359055597423614e-04 2.213771323501933369e-03 4.890478281784751616e-05 2.150066936754281143e-04 1.506623030254468322e-04 -6.098588808935383578e-04 1.209860565136611438e-03 4.248230943017211711e-04 -3.561307987928478058e-04 -7.679646995648074445e-04 -7.427920676298920694e-04 1.389611198375481204e-03 5.145793981431684254e-04 -7.582852923081464733e-04 1.877513622571858141e-03 4.354239867334058615e-04 5.336269165480819407e-04 1.052631753081469199e-03 -9.762273907378129579e-05
-1.381938707601488344e-03 5.302921874147202693e-04 1.063292371450091358e-03 -9.527292325489291475e-04 -2.530803634073314993e-03 1.215160933694343481e-03 -1.106787691445223912e-03 -7.341957657009476204e-04 -1.866020939573172547e-04 -2.661364655713043155e-04 -2.708171155299743870e-04 1.506031703334733459e-03 7.429639984570786480e-04 -1.848531156276853049e-03 2.295021707775294327e-04 2.756700831852864752e-03 -3.102850018756759479e-03 -1.044809710505752685e-02 1.273172704580607332e-03 2.952222653197834543e-02 1.749772946237629183e-03 -4.919361441543733567e-03 -2.326508545797370542e-03 2.835162446152097483e-03 2.192307013927187638e-03 -1.927044994633454311e-03 -2.563826092992445294e-03 -6.110586541198475240e-04 8.811830949761191014e-04 -4.358307166770059959e-04 2.161132284037635062e-03 1.365493640273800734e-03 -1.789612409946474657e-03 2.332455601630584532e-03 2.886472683402265069e-04 -2.014986400321640281e-03 -1.418541228397417024e-04 3.527092480763440135e-04 1.009158228191112046e-04 -1.139934666157306373e-04
-6.965452941834209162e-04 8.962178635029637280e-04 1.281833900131526625e-03 -8.144011493655707720e-04 1.391994687075704838e-04 -9.401025137348137557e-04 -6.656805594302149173e-04 -1.843196290172437093e-04 5.265771162590329962e-05 -5.676405018883862175e-04 -1.027966507634644339e-03 -4.274325446797695455e-04 5.942688951650538544e-04 1.432430667791911990e-03 -8.322945080553909676e-04 -1.347101334170008142e-03 4.311679779773107206e-04 1.106299854171491608e-03 -5.817185026522004969e-03 1.749772946237629183e-03 2.065005129542293177e-02 -1.501044180551185428e-04 -8.175828609445138020e-03 -3.944495942968658734e-05 -4.067131839834218208e-04 -1.855652888457505774e-05 -4.246180943303365981e-04 -2.012427813679376273e-03 -6.573487267431938176e-04 1.650896778105928001e-03 1.111708233690787521e-03 1.321363118884634003e-03 -9.324950530203244273e-06 -1.329457725986868746e-03 1.137723101775141472e-03 -4.391653150847456624e-05 1.855907989163758617e-04 -4.297238153159383577e-05 -1.173336980022701747e-03 -1.150265091655012714e-03
-1.531371280144512743e-04 -5.034265800548358297e-04 6.686598477200736586e-04 1.726339643050841058e-04 -3.389782633019244591e-04 -1.463265774730527558e-04 5.416729820530888741e-05 -3.377457549074970003e-04 -1.920652099455372446e-03 -7.620905124490353439e-04 -1.275945417685925461e-03 -2.299855300343048455e-04 6.770573017120383886e-04 5.822247989245167132e-04 -3.661017852936285970e-04 7.495565677818107888e-04 -6.110313280580479019e-04 -3.961854960887064257e-04 3.404359055597423614e-04 -4.919361441543733567e-03 -1.501044180551185428e-04 2.319402775301234593e-02 1.829634752518790187e-04 -8.456831425629115009e-03 -8.315667066640505724e-04 1.936330989226676914e-03 -7.518155741694581510e-04 5.322486435297491599e-04 2.497648482948450644e-03 5.994667940401039556e-04 -2.476088034393696862e-04 2.070707920840146851e-05 -2.535651490855832095e-04 1.060626758249439018e-04 -3.741980569464994476e-04 -5.820606173119875727e-04 1.206420788342646737e-03 -8.174436529848389432e-05 8.312923922614474676e-04 7.516152394384324796e-04
2.413161989235019025e-04 -1.901340231302051575e-03 -1.674455369111819275e-03 4.299259608640298904e-04 8.306434336415923836e-05 1.497052523868755034e-03 -4.882146444642130050e-04 -4.885757427790723972e-04 -9.084543772593116264e-04 1.299296152010199698e-03 -6.803708938712384408e-04 -2.797785998388707435e-04 -1.413043551537358430e-03 -1.885687101601629494e-03 -8.674298216666386646e-04 6.757294666946568997e-04 -1.951253730312963223e-04 -1.716861585367149366e-03 2.213771323501933369e-03 -2.326508545797370542e-03 -8.175828609445138020e-03 1.829634752518790187e-04 2.629314664459526940e-02 3.255836523326604941e-03 -4.282015661238644695e-03 -1.947799247678709631e-03 2.001857579077567697e-03 6.578013704813381662e-04 -8.142172139878446971e-04 -1.390490533067767530e-03 -8.603158419115693829e-04 -1.185698963475335108e-03 9.864211511367354177e-04 5.760307564040628107e-04 6.038451417247633164e-04 1.116237009077579575e-03 -1.345374899460739218e-04 2.081919429629009723e-04 4.237890653974460756e-04 1.534243365780525682e-03
1.064158101277721180e-03 -1.273966141760942469e-03 -1.489005462952011638e-03 7.964946260282895589e-04 3.575311338190692318e-04 5.338976510822456543e-05 -1.352722369439128807e-03 -2.598703875515208134e-04 6.060148656997725982e-04 1.359912011616510067e-03 -1.816883101178895813e-03 -5.116975366930415475e-04 2.621200176064347200e-04 3.859046724983197915e-04 5.161239283313533632e-04 -1.033301059361821372e-03 4.122675213145849944e-04 -7.781678395273960254e-04 4.890478281784751616e-05 2.835162446152097483e-03 -3.944495942968658734e-05 -8.456831425629115009e-03 3.255836523326604941e-03 2.261038368522240438e-02 2.684649267832772777e-03 -6.073892671785416364e-03 1.139771970221398808e-03 3.172113097779105537e-05 -2.495496733080661538e-03 -2.486009927907130001e-04 1.282685836182381354e-03 2.739708522038293765e-04 1.985786538269180711e-04 5.049959729577719117e-04 7.291328742443964513e-04 -3.085247862181366178e-04 -1.139821941449409163e-03 -2.978914257448043177e-04 1.092780376547655263e-03 -6.865571656035448405e-04
-3.936217289890556214e-04 3.160566028414254716e-05 7.855897160369568893e-04 -2.270291089985458503e-04 -1.948985342266053257e-03 -1.911135486365870867e-04 1.458472473055976706e-03 -9.335188751493131952e-04 1.597758673411539705e-04 -1.645220131160388729e-03 -3.363326272983447295e-04 2.001931544119422567e-04 -2.746200661169672578e-04 7.994343600742170961e-04 5.293125851903772655e-04 6.237206697660020163e-04 1.118840641039359467e-03 -5.055192103141297822e-04 2.150066936754281143e-04 2.192307013927187638e-03 -4.067131839834218208e-04 -8.315667066640505724e-04 -4.282015661238644695e-03 2.684649267832772777e-03 2.267385247938383599e-02 -1.777734025018799747e-03 -8.787838094110789547e-03 8.262501284175548548e-04 2.642383658703730334e-03 -1.126379106312014935e-04 -1.295706494560732412e-03 8.732188413881733675e-04 -6.478923402331144242e-04 1.432201459887149329e-03 -1.671522885948771911e-04 1.949105385108171177e-04 -1.439958560853344099e-03 -1.070450151990784242e-03 7.040649818725889988e-04 -2.066113038939141201e-04
7.205478154531105113e-04 1.227904149363729866e-03 3.615564188344929319e-04 -3.933382927925469560e-04 -3.452215605083544726e-05 4.435641811576830087e-04 1.391879755636552299e-04 3.252153978209002005e-04 1.715614041075136527e-04 3.623315044406537149e-04 6.180062216325495983e-04 -1.673416551075011739e-04 2.676001134749166302e-05 -6.802146721114573941e-05 1.373741509560162449e-03 -1.086048033815467835e-03 -2.107253671200818787e-03 2.904395209698855331e-04 1.506623030254468322e-04 -1.927044994633454311e-03 -1.855652888457505774e-05 1.936330989226676914e-03 -1.947799247678709631e-03 -6.073892671785416364e-03 -1.777734025018799747e-03 2.014401809130220503e-02 3.284712542815583242e-03 -2.726554909735911560e-03 -4.533125571951314263e-03 1.360918994871019140e-03 -1.305072899900723224e-04 -8.474300212904398253e-04 2.943100351360821332e-04 -4.121189090325291554e-04 -5.662923228542004377e-04 5.863544990872888345e-04 5.078827065823957564e-04 5.412321883854231443e-04 -8.085262378111944060e-04 -6.318020628304922125e-04
-1.096845760061130291e-03 1.124276944925790833e-03 2.069357956059042340e-04 -1.026474497942752662e-03 -1.166710423524516078e-03 5.826290205744816611e-04 1.238403667553349954e-03 -2.257413112162594477e-04 1.019885795752974254e-03 1.366180012174212418e-03 -1.658736652711224110e-03 -1.662506527844821464e-03 2.709400938741022896e-04 8.551289913940344958e-04 -7.571817539572834330e-04 -1.159215264551117239e-03 -7.580192276227274914e-04 1.634947358594149259e-03 -6.098588808935383578e-04 -2.563826092992445294e-03 -4.246180943303365981e-04 -7.518155741694581510e-04 2.001857579077567697e-03 1.139771970221398808e-03 -8.787838094110789547e-03 3.284712542815583242e-03 2.319737423785857289e-02 1.331969180640004812e-03 -7.081371413457287871e-03 -1.215311483072372203e-03 1.417566859910026527e-04 -1.724341827638834639e-04 1.308060869781467982e-03 -2.077342134478012744e-03 -4.184692869644250765e-04 -6.313730353291905966e-04 -1.713460540460581111e-04 6.679733803658413453e-04 -6.929166771087683779e-04 -7.159799221566906860e-04
-1.836297547702188046e-03 9.932681963424289193e-04 -6.182784355575658090e-04 -5.512359869573143405e-04 -1.259219553238314542e-03 -4.350512962756902260e-04 7.553530576385148951e-04 -6.640221560444702119e-04 -1.455701231031188213e-04 -1.347558411975764703e-03 -1.165942898940797775e-03 -8.131815718659020234e-04 -1.688302140304298214e-04 2.165213055362558755e-03 8.531341005316640761e-06 1.760951960679953631e-04 3.941117841569322534e-04 -4.898057485948235576e-04 1.209860565136611438e-03 -6.110586541198475240e-04 -2.012427813679376273e-03 5.322486435297491599e-04 6.578013704813381662e-04 3.172113097779105537e-05 8.262501284175548548e-04 -2.726554909735911560e-03 1.331969180640004812e-03 2.373037117958208195e-02 1.401182887172412088e-03 -8.239828160181770014e-03 -3.568284914701081497e-03 -2.546385464906535221e-04 2.136828823165222956e-03 8.770237998795210122e-04 -1.400233435889944441e-03 -9.767879951081638503e-04 6.129081507123001777e-04 -1.452853448417729912e-04 -1.277803601941452944e-03 -2.313568255442551339e-04
1.024103075364529182e-04 -9.693482022301587019e-04 -2.043265638993627055e-04 9.998799762278873324e-04 1.217644440651621460e-03 -5.711635512022698825e-04 -2.256632022976371897e-04 1.137937715331557631e-04 2.661874695706170678e-04 6.591006521063321778e-04 4.843274059636276636e-05 -6.300826780509677112e-04 -1.260510891536184780e-04 -9.052969285672846826e-04 2.606254272372947561e-04 1.349794430921888314e-03 -5.267018680900748375e-04 7.884415955907872692e-04 4.248230943017211711e-04 8.811830949761191014e-04 -6.573487267431938176e-04 2.497648482948450644e-03 -8.142172139878446971e-04 -2.495496733080661538e-03 2.642383658703730334e-03 -4.533125571951314263e-03 -7.081371413457287871e-03 1.401182887172412088e-03 2.231713726802186590e-02 -6.026036361280793065e-04 -3.556542180235008985e-03 1.658271737799146004e-03 -6.326287853383050089e-04 8.518658191058897135e-04 -1.327299141498732319e-03 4.407773712092971858e-04 1.000930649997127221e-03 -6.798875752300050177e-04 7.085506804951780674e-04 4.577801598794987168e-04
1.580676275970702496e-03 5.009000513032446167e-04 -1.166654548880916671e-03 2.051454291710897489e-03 1.388146106301495859e-03 -1.686746954988514952e-03 -1.319141691315479708e-03 -2.622854356399344049e-04 -8.128914376451790418e-04 -3.788619602920472460e-04 9.705423276426604177e-04 6.376540333014153945e-05 -1.049047723372839927e-03 -2.101238792250585566e-04 1.409009818885088232e-04 2.510919324420326899e-05 1.833999264650229685e-03 2.016250975877296320e-03 -3.561307987928478058e-04 -4.358307166770059959e-04 1.650896778105928001e-03 5.994667940401039556e-04 -1.390490533067767530e-03 -2.486009927907130001e-04 -1.126379106312014935e-04 1.360918994871019140e-03 -1.215311483072372203e-03 -8.239828160181770014e-03 -6.026036361280793065e-04 2.278335265631094980e-02 3.573633427106891192e-03 -1.330673644285479016e-03 5.120726712079450450e-04 4.345261873198025932e-04 7.753722824957614591e-04 6.682147679374588584e-05 1.213654444115811609e-03 1.205593567319147418e-03 -1.956602451181219549e-03 -4.616022970346159550e-04
-4.362805161966167456e-04 6.697133214574866635e-04 -4.612824027556113927e-04 -2.729215260628358852e-03 -2.209140614030750949e-04 3.210284647863509032e-04 -8.801731656785249805e-04 -1.860694303295883393e-04 -5.091232813527009137e-05 -3.554803191646868990e-04 5.403352110061563100e-04 1.246940323377192846e-03 1.357708843948435880e-03 1.198122453207542924e-03 6.584652223798425187e-04 -3.227543004274430346e-04 9.954742732230798929e-04 9.639250474773636453e-04 -7.679646995648074445e-04 2.161132284037635062e-03 1.111708233690787521e-03 -2.476088034393696862e-04 -8.603158419115693829e-04 1.282685836182381354e-03 -1.295706494560732412e-03 -1.305072899900723224e-04 1.417566859910026527e-04 -3.568284914701081497e-03 -3.556542180235008985e-03 3.573633427106891192e-03 1.885879039238859411e-02 1.120115220107352570e-03 -6.173563286288478134e-03 1.672279428131514438e-03 7.418138356011963301e-04 -2.224869836759730060e-03 -1.022201596427402617e-03 -8.512319967213219417e-04 -9.646085685628115415e-05 2.877259891830709717e-04
-1.519187939540004900e-04 5.755084223739177079e-04 -9.563083865852414723e-04 7.202709706981749033e-04 -1.300411878775434814e-03 -2.070461301800209826e-03 -8.777652730494665779e-04 4.576401246882729336e-04 1.680292248499709639e-03 1.348063443837100358e-03 -1.799238540881194313e-03 -2.955601987766302971e-04 1.923065223191320304e-03 -6.226102838422695705e-04 -2.138667518987588873e-04 -5.165836476112055852e-04 1.457235331964243938e-03 -5.300045487188566372e-04 -7.427920676298920694e-04 1.365493640273800734e-03 1.321363118884634003e-03 2.070707920840146851e-05 -1.185698963475335108e-03 2.739708522038293765e-04 8.732188413881733675e-04 -8.474300212904398253e-04 -1.724341827638834639e-04 -2.546385464906535221e-04 1.658271737799146004e-03 -1.330673644285479016e-03 1.120115220107352570e-03 1.901871907336169162e-02 2.583831211282389996e-03 -4.670883805186546583e-03 -4.654541887419924459e-05 1.529545212771113872e-03 -7.010323496498177586e-04 -3.387550033908629400e-04 4.256579053529919239e-04 -1.025547104150794243e-03
-1.516830540390240196e-04 -2.393315345388460913e-04 6.815531362685534869e-05 2.357868595220022952e-03 1.153634153109911204e-03 -1.654362909564578103e-03 1.379671363048474975e-04 -2.653216293577921755e-04 -1.886028196654675063e-03 2.225319603228502648e-03 -7.543120191778419697e-04 -2.617443782803991988e-04 1.684746318727257030e-03 -3.380345954209789294e-04 -4.212041971289518893e-04 1.577721356548186294e-04 -1.892841066514725510e-03 5.972280576268795002e-04 1.389611198375481204e-03 -1.789612409946474657e-03 -9.324950530203244273e-06 -2.535651490855832095e-04 9.864211511367354177e-04 1.985786538269180711e-04 -6.478923402331144242e-04 2.943100351360821332e-04 1.308060869781467982e-03 2.136828823165222956e-03 -6.326287853383050089e-04 5.120726712079450450e-04 -6.173563286288478134e-03 2.583831211282389996e-03 2.376296644705233260e-02 -1.792837552545091528e-03 -3.200045206984536168e-03 6.461165204424482167e-04 5.596405933987542893e-05 -2.377104474409517747e-04 -5.141754232227108536e-04 -1.305355337098662149e-03
-1.910899890871567950e-04 -1.476107242303319493e-03 9.630440103670803807e-04 1.521583941049106957e-05 -1.018628930369160773e-03 7.155471327970423226e-04 -7.662292328922332748e-04 -1.309750736809275418e-03 3.129294729494439160e-04 -1.604844592335100475e-03 -4.576477781381890742e-04 1.530227642192976854e-03 -1.279455371449354437e-03 -1.127758669308146693e-04 3.147091685657918436e-04 -3.688552269191476074e-04 1.405093228664524652e-03 -8.277171516128825710e-04 5.145793981431684254e-04 2.332455601630584532e-03 -1.329457725986868746e-03 1.060626758249439018e-04 5.760307564040628107e-04 5.049959729577719117e-04 1.432201459887149329e-03 -4.121189090325291554e-04 -2.077342134478012744e-03 8.770237998795210122e-04 8.518658191058897135e-04 4.345261873198025932e-04 1.672279428131514438e-03 -4.670883805186546583e-03 -1.792837552545091528e-03 2.298515148352263046e-02 1.761766307016850641e-03 -7.431486784621839890e-03 -7.270921214266180387e-04 1.061407210321290464e-04 -9.234820449681007412e-04 9.414400985400230232e-04
-8.529118827691853670e-04 3.701660042865702370e-04 -3.997273664276029446e-04 -6.380774382612119586e-04 -2.814882100323125996e-04 4.437236872384580700e-04 -1.851106288385991235e-03 -5.795829964122111311e-04 1.261201054279738462e-03 3.291842884692672971e-04 -1.792890129206633565e-03 9.365221881302835576e-05 3.650280875491665271e-04 -4.667954187236400630e-04 -1.007549162302482786e-04 -6.103959497603435183e-05 9.839240054079930169e-04 -1.161629337589573660e-03 -7.582852923081464733e-04 2.886472683402265069e-04 1.137723101775141472e-03 -3.741980569464994476e-04 6.038451417247633164e-04 7.291328742443964513e-04 -1.671522885948771911e-04 -5.662923228542004377e-04 -4.184692869644250765e-04 -1.400233435889944441e-03 -1.327299141498732319e-03 7.753722824957614591e-04 7.418138356011963301e-04 -4.654541887419924459e-05 -3.200045206984536168e-03 1.761766307016850641e-03 1.919414694243585032e-02 1.076559639477577815e-03 -4.500420833374752655e-03 9.846291010169054472e-04 2.201144474710706005e-03 -5.521337063367560190e-04
-5.796923068667918840e-04 9.587215907822727642e-04 3.609075632918119498e-04 -4.366372175200249555e-05 -5.091984756611458735e-05 -6.469526398208364035e-04 5.852622041630064012e-04 6.563609912978805166e-04 -6.291598076833575985e-04 1.390193187927861495e-03 4.371167283847659482e-04 8.849832994139142015e-05 3.001120157027397837e-04 1.683217105379389278e-04 -4.187278590129669232e-05 -1.514190096085112633e-03 -7.258463973129152501e-04 1.049927511616120324e-03 1.877513622571858141e-03 -2.014986400321640281e-03 -4.391653150847456624e-05 -5.820606173119875727e-04 1.116237009077579575e-03 -3.085247862181366178e-04 1.949105385108171177e-04 5.863544990872888345e-04 -6.313730353291905966e-04 -9.767879951081638503e-04 4.407773712092971858e-04 6.682147679374588584e-05 -2.224869836759730060e-03 1.529545212771113872e-03 6.461165204424482167e-04 -7.431486784621839890e-03 1.076559639477577815e-03 2.419146730347249141e-02 1.634963367806004531e-03 -3.987944808241124413e-03 2.170163082459261497e-04 -6.113526928287369919e-04
3.577546706836706053e-04 1.073379690686586223e-03 -1.675370586207002455e-03 -4.147569867424572856e-04 1.335819798299298870e-04 8.915893219971179114e-04 -5.774002223530311098e-04 -6.599420866440179742e-04 4.312902152590295944e-04 3.599712534463583012e-04 1.076631777959000807e-03 3.474154233026181707e-04 1.037816164036287021e-04 -8.312103539209436372e-04 4.178038346957030293e-04 -1.177014768055757656e-04 -7.785192596869647264e-04 7.612502288424997368e-04 4.354239867334058615e-04 -1.418541228397417024e-04 1.855907989163758617e-04 1.206420788342646737e-03 -1.345374899460739218e-04 -1.139821941449409163e-03 -1.439958560853344099e-03 5.078827065823957564e-04 -1.713460540460581111e-04 6.129081507123001777e-04 1.000930649997127221e-03 1.213654444115811609e-03 -1.022201596427402617e-03 -7.010323496498177586e-04 5.596405933987542893e-05 -7.270921214266180387e-04 -4.500420833374752655e-03 1.634963367806004531e-03 1.864558579135454364e-02 1.975183302881637236e-04 -3.436272373466257683e-03 -1.240047547560753230e-03
2.011470411625337559e-03 -1.282741968352462021e-03 -1.438816451153311854e-03 7.723012235769521764e-04 1.037902607008495874e-04 -3.511849503365593286e-04 -1.861195058163655971e-04 1.002708751696086313e-04 8.177170935283475332e-04 2.749719610694182151e-04 -2.869160938536080674e-05 2.024177900698191483e-04 -3.224159911501955634e-05 -1.291524769505403851e-05 1.060935135364056599e-03 6.023173152341030354e-04 -1.008752266092390656e-03 -7.554113438676832376e-04 5.336269165480819407e-04 3.527092480763440135e-04 -4.297238153159383577e-05 -8.174436529848389432e-05 2.081919429629009723e-04 -2.978914257448043177e-04 -1.070450151990784242e-03 5.412321883854231443e-04 6.679733803658413453e-04 -1.452853448417729912e-04 -6.798875752300050177e-04 1.205593567319147418e-03 -8.512319967213219417e-04 -3.387550033908629400e-04 -2.377104474409517747e-04 1.061407210321290464e-04 9.846291010169054472e-04 -3.987944808241124413e-03 1.975183302881637236e-04 1.862916324049374017e-02 -9.791252845701768452e-04 -4.857290366035158999e-03
3.336583999861640915e-06 -1.424971046410242106e-03 -2.263322913335900303e-03 1.946672020759139836e-03 -7.209822978853447578e-04 5.744596853421317156e-04 6.361390712198689533e-04 -1.031899401516693992e-03 2.523067060951687097e-04 -1.758192222875402271e-04 -8.894130854897046475e-04 1.735995163932306474e-03 -1.005309747832223684e-03 -1.539379137717024207e-03 -4.946575040118520198e-04 -6.414938212726301221e-04 -3.814058879570166564e-05 -8.944998817176972152e-04 1.052631753081469199e-03 1.009158228191112046e-04 -1.173336980022701747e-03 8.312923922614474676e-04 4.237890653974460756e-04 1.092780376547655263e-03 7.040649818725889988e-04 -8.085262378111944060e-04 -6.929166771087683779e-04 -1.277803601941452944e-03 7.085506804951780674e-04 -1.956602451181219549e-03 -9.646085685628115415e-05 4.256579053529919239e-04 -5.141754232227108536e-04 -9.234820449681007412e-04 2.201144474710706005e-03 2.170163082459261497e-04 -3.436272373466257683e-03 -9.791252845701768452e-04 1.941905979319689599e-02 3.843598521471071772e-03
